       time_abs(%Y-%m-%dT%H:%M:%S.%f)  time_rel(sec)  velocity(m/s)
70000                            1974   10566.037736            0.0
70001                            1974   10566.188679            0.0
70002                            1974   10566.339623            0.0
70003                            1974   10566.490566            0.0
70004                            1974   10566.641509            0.0
...                               ...            ...            ...
79995                            1974   12074.716981            0.0
79996                            1974   12074.867925            0.0
79997                            1974   12075.018868            0.0
79998                            1974   12075.169811            0.0
79999                            1974   12075.320755            0.0

[10000 rows x 3 columns]
        time_abs(%Y-%m-%dT%H:%M:%S.%f)  time_rel(sec)  velocity(m/s)
300000                            1974   45283.018868  -1.117852e-09
300001                            1974   45283.169811  -1.286015e-09
300002                            1974   45283.320755   0.000000e+00
300003                            1974   45283.471698   0.000000e+00
300004                            1974   45283.622642   0.000000e+00
...                                ...            ...            ...
309995                            1974   46791.698113   0.000000e+00
309996                            1974   46791.849057   0.000000e+00
309997                            1974   46792.000000   0.000000e+00
309998                            1974   46792.150943   0.000000e+00
309999                            1974   46792.301887   0.000000e+00

[10000 rows x 3 columns]
        time_abs(%Y-%m-%dT%H:%M:%S.%f)  time_rel(sec)  velocity(m/s)
380000                            1974   57358.490566            0.0
380001                            1974   57358.641509            0.0
380002                            1974   57358.792453            0.0
380003                            1974   57358.943396            0.0
380004                            1974   57359.094340            0.0
...                                ...            ...            ...
389995                            1974   58867.169811            0.0
389996                            1974   58867.320755            0.0
389997                            1974   58867.471698            0.0
389998                            1974   58867.622642            0.0
389999                            1974   58867.773585            0.0

[10000 rows x 3 columns]
        time_abs(%Y-%m-%dT%H:%M:%S.%f)  time_rel(sec)  velocity(m/s)
450000                            1974   67924.528302            0.0
450001                            1974   67924.679245            0.0
450002                            1974   67924.830189            0.0
450003                            1974   67924.981132            0.0
450004                            1974   67925.132075            0.0
...                                ...            ...            ...
459995                            1974   69433.207547            0.0
459996                            1974   69433.358491            0.0
459997                            1974   69433.509434            0.0
459998                            1974   69433.660377            0.0
459999                            1974   69433.811321            0.0

[10000 rows x 3 columns]
        time_abs(%Y-%m-%dT%H:%M:%S.%f)  time_rel(sec)  velocity(m/s)
530000                            1974   80000.000000            0.0
530001                            1974   80000.150943            0.0
530002                            1974   80000.301887            0.0
530003                            1974   80000.452830            0.0
530004                            1974   80000.603774            0.0
...                                ...            ...            ...
539995                            1974   81508.679245            0.0
539996                            1974   81508.830189            0.0
539997                            1974   81508.981132            0.0
539998                            1974   81509.132075            0.0
539999                            1974   81509.283019            0.0

[10000 rows x 3 columns]
